0	8.33333	0.1
counter: 10000
0.000596605	4.16667	0.2
counter: 10000
0.000345679	2.77778	0.3
counter: 10000
0.000496142	2.08333	0.4
counter: 10000
0.000853858	1.66667	0.5
counter: 10000
0.00111111	1.38889	0.6
counter: 1000
0.00343056	1.19048	0.7
counter: 1000
0.0130185	1.04167	0.8
counter: 1000
0.0650463	0.833333	1
counter: 100
0.0844444	0.757576	1.1
counter: 100
0.0945988	0.694444	1.2
counter: 10
0.100617	0.641026	1.3
counter: 10
0.115278	0.595238	1.4
counter: 10
0.119444	0.555556	1.5
counter: 10
0.143827	0.416667	2
counter: 10
0.171451	0.333333	2.5
counter: 10
0.187037	0.277778	3
counter: 10
0.196451	0.238095	3.5
counter: 10
